"Node","Site","State","p_A","p_R","p_N","p_D","p_C","p_Q","p_E","p_G","p_H","p_I","p_L","p_K","p_M","p_F","p_P","p_S","p_T","p_W","p_Y","p_V"
"Node245",1,"D",0.05982,0.05519,0.09829,0.16444,0.00922,0.0571,0.11608,0.05636,0.02692,0.02343,0.03371,0.07273,0.01199,0.01444,0.02727,0.07336,0.05173,0.00365,0.01438,0.02987
"Node245",2,"L",0.07433,0.04873,0.04741,0.04289,0.0174,0.03176,0.04706,0.04782,0.02074,0.09383,0.11093,0.05611,0.0291,0.03699,0.04615,0.05447,0.05661,0.00607,0.02471,0.10689
"Node245",3,"E",0.05583,0.08717,0.06477,0.08137,0.00686,0.0892,0.14338,0.03576,0.05488,0.02561,0.03894,0.10052,0.0143,0.01633,0.0225,0.06009,0.04561,0.00387,0.02059,0.03242
"Node245",4,"E",0.05332,0.05682,0.05324,0.13439,0.0064,0.06163,0.18842,0.0341,0.02989,0.02488,0.04157,0.07678,0.01326,0.02444,0.02613,0.05749,0.04067,0.01945,0.02684,0.03027
"Node245",5,"E",0.04449,0.03142,0.01922,0.0433,0.00134,0.20309,0.43511,0.00816,0.01146,0.00847,0.01612,0.06296,0.00908,0.00299,0.00893,0.04327,0.03039,0.00078,0.00466,0.01476
"Node245",6,"L",0.06461,0.00652,0.00414,0.00613,0.00571,0.00744,0.00923,0.00467,0.00207,0.22233,0.29739,0.01011,0.08391,0.01739,0.00341,0.01835,0.03249,9e-04,0.00607,0.19714
"Node245",7,"E",0.05741,0.09637,0.04131,0.06736,0.00804,0.07602,0.11583,0.02784,0.02316,0.05003,0.08894,0.10223,0.02522,0.0231,0.0234,0.05134,0.04467,0.00399,0.01827,0.05548
"Node245",8,"L",0.06319,0.06141,0.03792,0.06931,0.01066,0.04189,0.07909,0.02732,0.01795,0.09667,0.11241,0.07532,0.03015,0.03125,0.02093,0.04993,0.05232,0.00388,0.02056,0.09782
"Node245",9,"L",0.07168,0.04964,0.03019,0.04032,0.01298,0.03892,0.07163,0.03034,0.01977,0.08253,0.14732,0.05854,0.03437,0.0463,0.01926,0.05134,0.0524,0.02289,0.03315,0.08643
"Node245",10,"K",0.03607,0.19761,0.02073,0.02266,0.00171,0.10912,0.13345,0.00807,0.01741,0.01541,0.02992,0.27196,0.01396,0.00458,0.01992,0.03738,0.02933,0.00085,0.00674,0.02312
"Node245",11,"L",0.06778,0.0864,0.03861,0.04376,0.01376,0.04575,0.06555,0.04047,0.02265,0.06395,0.11512,0.09877,0.03057,0.03665,0.02622,0.05316,0.0497,0.00676,0.02557,0.06881
"Node245",12,"L",0.06612,0.0546,0.03015,0.03247,0.01742,0.03187,0.04416,0.03492,0.01795,0.10094,0.17115,0.05524,0.04095,0.04674,0.02233,0.04687,0.05237,0.00716,0.02647,0.10011
"Node245",13,"R",0.04271,0.18352,0.01667,0.01352,0.00727,0.03058,0.02705,0.01286,0.01101,0.12905,0.16151,0.07475,0.04579,0.03032,0.00916,0.02802,0.03649,0.00847,0.01851,0.11274
"Node245",14,"R",0.05808,0.15431,0.05311,0.07226,0.00821,0.06359,0.11658,0.0413,0.0279,0.02569,0.04133,0.12076,0.01419,0.01597,0.02865,0.05928,0.04547,0.00424,0.01646,0.03264
"Node245",15,"G",0.07888,0.08474,0.0576,0.06643,0.01024,0.04553,0.07642,0.18188,0.02514,0.02555,0.03921,0.08526,0.01349,0.01828,0.0261,0.06643,0.04399,0.00522,0.01669,0.03293
"Node245",16,"A",0.07872,0.06366,0.0542,0.0696,0.01849,0.04403,0.07807,0.0692,0.0275,0.04958,0.07199,0.07404,0.02057,0.03118,0.03708,0.06623,0.05526,0.00807,0.02485,0.05767
"Node245",17,"K",0.06951,0.08953,0.05253,0.06765,0.01433,0.05185,0.08656,0.06284,0.02827,0.04095,0.06238,0.1034,0.01911,0.02683,0.0346,0.06146,0.04902,0.00746,0.02333,0.04838
"Node245",18,"L",0.0751,0.05447,0.0433,0.05569,0.02086,0.03696,0.06234,0.06157,0.02415,0.07326,0.10318,0.06201,0.02608,0.04151,0.03386,0.05727,0.05217,0.00933,0.02811,0.07878
"Node245",19,"K",0.0641,0.10104,0.0558,0.06915,0.0102,0.05913,0.09466,0.04557,0.02537,0.02936,0.04559,0.14971,0.01604,0.02139,0.02621,0.06787,0.05487,0.00538,0.02128,0.03726
"Node245",20,"R",0.05389,0.30187,0.03193,0.03095,0.00237,0.04872,0.04961,0.03173,0.0225,0.02981,0.03721,0.15795,0.02444,0.00981,0.00592,0.06384,0.04433,0.0011,0.01567,0.03633
"Node245",21,"G",0.14098,0.01696,0.01709,0.01049,0.00571,0.01382,0.01439,0.30153,0.00451,0.07117,0.06198,0.03295,0.02132,0.03135,0.00655,0.05953,0.07223,0.00162,0.01127,0.10452
"Node245",22,"V",0.02976,0.01491,0.00617,0.00516,0.00555,0.00681,0.00827,0.00539,0.00496,0.19577,0.18665,0.01432,0.03819,0.17016,0.00374,0.01321,0.02536,0.00335,0.039,0.22326
"Node245",23,"E",0.0797,0.05334,0.06661,0.10797,0.00645,0.05867,0.16387,0.09722,0.03734,0.01407,0.02049,0.07873,0.00864,0.00816,0.0217,0.08535,0.05739,0.00192,0.01088,0.02149
"Node245",24,"P",0.04975,0.09873,0.03596,0.05808,0.00361,0.0645,0.1373,0.02267,0.01772,0.01256,0.01947,0.10008,0.00789,0.00587,0.24796,0.05342,0.03727,0.00142,0.00749,0.01827
"Node245",25,"D",0.06033,0.0296,0.06614,0.19408,0.00989,0.02953,0.06718,0.03015,0.01458,0.07643,0.07632,0.04391,0.02186,0.02279,0.01889,0.06407,0.07697,0.00239,0.01469,0.0802
"Node245",26,"P",0.05289,0.03773,0.04443,0.08344,0.0053,0.03153,0.06106,0.02805,0.02259,0.01728,0.0246,0.0541,0.00857,0.01604,0.35051,0.06338,0.05064,0.00284,0.02189,0.02311
"Node245",27,"E",0.05666,0.05817,0.06577,0.15348,0.00359,0.06585,0.24118,0.05011,0.01965,0.00994,0.01473,0.09301,0.00653,0.00516,0.0203,0.06848,0.04385,0.00128,0.0068,0.01547
"Node245",28,"A",0.145,0.04816,0.05738,0.08637,0.01297,0.03848,0.06773,0.06439,0.01611,0.0395,0.05457,0.06913,0.01755,0.01453,0.02263,0.10748,0.07064,0.00223,0.01202,0.05312
"Node245",29,"D",0.07484,0.06349,0.08885,0.1324,0.00608,0.04891,0.097,0.06043,0.01765,0.01287,0.01719,0.09702,0.00762,0.00604,0.02997,0.12227,0.08854,0.00133,0.00747,0.02001
"Node245",30,"R",0.05888,0.17328,0.04309,0.04396,0.00701,0.06321,0.08134,0.04018,0.02292,0.03279,0.05979,0.13867,0.02642,0.01665,0.03429,0.05439,0.04497,0.00339,0.01522,0.03956
"Node245",31,"K",0.05886,0.10604,0.05664,0.09735,0.00594,0.0679,0.14163,0.04402,0.02406,0.01846,0.02885,0.1576,0.01137,0.01188,0.02294,0.06257,0.04315,0.00279,0.01304,0.02491
"Node245",32,"P",0.01937,0.08012,0.00569,0.00655,0.00076,0.0225,0.03154,0.00335,0.00312,0.00968,0.01432,0.1244,0.01186,0.00231,0.61861,0.01503,0.01336,0.00026,0.00236,0.01481
"Node245",33,"L",0.02219,0.00788,0.00217,0.00188,0.00275,0.00546,0.00489,0.00186,0.00191,0.21269,0.30356,0.01945,0.0713,0.06363,0.01803,0.00855,0.02095,0.00133,0.02098,0.20854
"Node245",34,"V",0.02481,0.07105,0.00113,0.00052,0.00086,0.00262,0.00164,0.00054,0.00048,0.24498,0.04629,0.00877,0.01787,0.00721,0.00054,0.00752,0.04074,0.00012,0.00236,0.51996
"Node245",35,"V",0.00161,0,0,0,2e-05,1e-05,1e-05,0,0,0.07038,0.00118,1e-05,0.00035,4e-05,1e-05,4e-05,0.00081,0,4e-05,0.92549
"Node245",36,"Y",0.00414,0.05547,0.00204,0.00096,0.00021,0.00948,0.00906,0.00059,0.01963,0.00359,0.0239,0.08719,0.00535,0.05733,0.00053,0.00472,0.00759,0.0015,0.70172,0.00501
"Node245",37,"S",0.02711,0.00046,0.00139,0.00043,0.00422,7e-04,0.00065,0.00047,0.00014,0.00816,0.01731,0.00096,0.00286,0.00336,0.00061,0.53184,0.38768,4e-05,0.00058,0.01102
"Node245",38,"G",0.00043,0,1e-05,0,0,0,0,0.99943,0,0,0,0,0,0,0,1e-04,0,0,0,0
"Node245",39,"F",0.00128,0.00017,9e-05,0.00012,8e-05,0.00013,0.00014,0.00012,0.00021,0.02808,0.01076,0.00023,0.0295,0.89974,0.00561,5e-04,0.00067,0.00044,0.0149,0.00724
"Node245",40,"D",0.0126,0.02244,0.13137,0.28558,8e-05,0.15596,0.21152,0.0017,0.00216,0.00032,0.00052,0.01766,0.0039,1e-04,0.00075,0.11476,0.03764,2e-05,0.00029,0.00062
"Node245",41,"P",0,0,0,0,0,0,0,0,0,0,0,0,0,0,0.99999,0,0,0,0,0
"Node245",42,"T",0.00052,3e-05,0.00211,7e-05,2e-05,7e-05,7e-05,4e-05,1e-05,2e-05,2e-05,1e-04,2e-05,0,2e-05,0.07541,0.92135,0,1e-05,1e-04
"Node245",43,"G",0.10644,8e-05,5e-04,0.00018,7e-05,0.00017,0.00017,0.83071,5e-05,2e-05,3e-05,0.00038,5e-05,2e-05,0.00011,0.06,9e-04,1e-05,2e-05,1e-04
"Node245",44,"D",0.04954,0.10161,0.05922,0.15135,0.00333,0.05394,0.10096,0.02698,0.01875,0.01115,0.01669,0.14575,0.00718,0.00742,0.10651,0.07088,0.04015,0.00149,0.01125,0.01584
"Node245",45,"L",0.00025,7e-05,1e-05,1e-05,8e-05,6e-05,2e-05,1e-05,1e-05,0.02182,0.92137,5e-05,0.0479,0.00153,2e-05,4e-05,0.00026,3e-05,0.00013,0.00631
"Node245",46,"H",0,0,1e-05,0,0,0,0,0,0.99996,0,0,0,0,0,0,0,0,0,2e-05,0
"Node245",47,"L",0.00059,9e-05,2e-05,2e-05,2e-04,7e-05,4e-05,2e-05,2e-05,0.14728,0.79192,9e-05,0.01506,0.00265,4e-05,9e-05,0.00071,3e-05,0.00026,0.0408
"Node245",48,"G",4e-05,0,1e-05,0,0,0,0,0.99993,0,0,0,0,0,0,0,1e-05,0,0,0,0
"Node245",49,"H",0,0,7e-05,0,0,1e-05,0,0,0.99989,0,0,0,0,0,0,0,0,0,2e-05,0
"Node245",50,"A",0.46597,0.00396,0.00177,0.00096,0.00284,0.00454,0.0038,0.00405,0.00291,0.02665,0.22411,0.01165,0.03076,0.01932,0.00176,0.02978,0.06588,0.00118,0.04752,0.05059
"Node245",51,"V",0.00748,0.05815,0.00071,0.00022,0.00042,0.0035,0.00126,0.00032,0.00069,0.07479,0.14045,0.00622,0.28235,0.07166,0.00029,0.00216,0.00777,0.00027,0.00776,0.33355
"Node245",52,"G",0.10311,0.00564,0.06227,0.03299,0.00175,0.00949,0.01458,0.27623,0.00353,0.00274,0.00331,0.01949,0.00211,0.00118,0.24543,0.12372,0.08367,0.00035,0.00142,0.007
"Node245",53,"A",0.63266,0.0025,0.00123,0.00112,0.00412,0.00293,0.00314,0.00598,0.0011,0.05397,0.0948,0.00458,0.0155,0.00737,0.00228,0.02879,0.01612,0.00049,0.00958,0.11174
"Node245",54,"I",0.00617,0.02227,0.00094,0.00065,0.00104,0.00301,0.00147,0.00053,0.00072,0.33504,0.30339,0.00633,0.19294,0.00856,0.00063,0.0023,0.00746,3e-04,0.00236,0.10388
"Node245",55,"K",0.03728,0.20216,0.00564,0.0035,0.00093,0.03068,0.01661,0.00334,0.003,0.01862,0.03835,0.55793,0.01403,0.00554,0.00282,0.01477,0.01442,4e-04,0.00443,0.02553
"Node245",56,"N",0.14909,0.01522,0.33919,0.01865,0.00488,0.01713,0.01469,0.06911,0.00914,0.02269,0.11547,0.02231,0.02568,0.00999,0.00466,0.0746,0.04807,0.00074,0.00578,0.0329
"Node245",57,"R",0.02476,0.22151,0.02098,0.06863,0.00351,0.03123,0.03965,0.00559,0.01185,0.00933,0.01425,0.0709,0.00711,0.0248,0.00967,0.03655,0.06597,0.09668,0.21482,0.02221
"Node245",58,"V",0.07404,0.01872,0.0078,0.00595,0.0037,0.05841,0.02624,0.00472,0.01636,0.15379,0.10816,0.02977,0.05034,0.01901,0.00405,0.02615,0.03985,0.00092,0.01536,0.33666
"Node245",59,"L",0.01806,0.03266,0.00525,0.00889,0.00221,0.00945,0.0106,0.00301,0.0053,0.10407,0.32562,0.03547,0.05022,0.23294,0.0022,0.01063,0.01575,0.00292,0.05371,0.07106
"Node245",60,"Q",0.10536,0.02385,0.00428,0.00294,0.00076,0.61841,0.04008,0.00335,0.00367,0.00422,0.03419,0.08769,0.0196,0.00159,0.00219,0.02406,0.01113,0.00032,0.00252,0.00976
"Node245",61,"R",0.00249,0.64119,0.00555,0.02259,7e-05,0.16847,0.02272,0.00056,0.00172,0.00138,0.0067,0.10592,0.00725,0.00025,0.00048,0.00509,0.00536,5e-05,0.00043,0.00171
"Node245",62,"K",0.059,0.08583,0.04557,0.02249,0.00283,0.09575,0.1162,0.00929,0.04805,0.02824,0.0832,0.17066,0.02538,0.02201,0.00629,0.0465,0.04419,0.00267,0.04893,0.03691
"Node245",63,"L",0.03409,0.03753,0.01304,0.02003,0.00793,0.02792,0.04265,0.015,0.01151,0.05829,0.20269,0.0411,0.04207,0.08008,0.00862,0.0229,0.02703,0.20049,0.05599,0.05104
"Node245",64,"L",0.05217,0.11588,0.02281,0.01878,0.00785,0.03325,0.03844,0.04704,0.02505,0.0549,0.1833,0.07074,0.03758,0.07182,0.01156,0.03584,0.03555,0.00831,0.07309,0.05602
"Node245",65,"Q",0.04916,0.06496,0.03293,0.04283,0.00551,0.21707,0.10641,0.02017,0.02639,0.03107,0.07064,0.07968,0.03799,0.03927,0.01326,0.04656,0.03868,0.00864,0.03136,0.03741
"Node245",66,"E",0.05905,0.07399,0.05723,0.12843,0.00675,0.08119,0.17768,0.0427,0.02796,0.01993,0.03129,0.09436,0.01192,0.01311,0.02489,0.06067,0.04077,0.0063,0.01503,0.02672
"Node245",67,"E",0.02442,0.01065,0.02363,0.15703,0.00052,0.03598,0.56046,0.08527,0.00865,0.00119,0.00252,0.03775,0.00154,0.0012,0.00465,0.02971,0.00959,0.00049,0.00178,0.00296
"Node245",68,"G",0.08563,0.03051,0.03518,0.02565,0.012,0.02478,0.03199,0.1378,0.05794,0.04264,0.06993,0.03745,0.02103,0.09692,0.01573,0.05489,0.03976,0.01712,0.11347,0.04958
"Node245",69,"G",0.03982,0.01484,0.06245,0.08369,0.00219,0.01382,0.02778,0.63991,0.00775,0.00342,0.00494,0.02466,0.0024,0.00267,0.0075,0.03741,0.01584,0.00085,0.00273,0.00534
"Node245",70,"V",0.006,0.00071,0.00057,0.00015,0.00032,0.00109,0.00086,0.00024,0.05112,0.03282,0.0068,0.00074,0.00466,0.01068,0.00018,0.00118,0.00423,0.00013,0.23913,0.63838
"Node245",71,"K",0.00471,0.25373,0.00807,0.00797,1e-04,0.04119,0.08403,0.00142,0.00323,0.00045,0.00106,0.57578,0.00089,0.00023,0.00142,0.0085,0.00559,7e-05,0.00066,0.00091
"Node245",72,"V",0.01243,0.00056,0.00041,0.00029,0.04652,0.00045,0.00052,0.00057,0.00047,0.15048,0.10235,0.00078,0.01562,0.24871,0.00423,0.00301,0.00798,0.00074,0.02031,0.38355
"Node245",73,"I",0.00465,0.00062,0.00029,0.00022,0.00078,0.00046,0.00046,0.00024,6e-04,0.39371,0.07024,0.00137,0.01485,0.15538,0.00029,0.00116,0.00495,0.00066,0.06384,0.28523
"Node245",74,"F",0.00164,9e-05,5e-05,3e-05,1e-04,8e-05,7e-05,7e-05,0.00031,0.01294,0.02003,1e-04,0.00528,0.81895,3e-05,0.00027,0.00047,0.00063,0.13042,0.00845
"Node245",75,"Y",0.0013,0.00175,0.00044,5e-05,8e-05,0.00027,0.00037,0.00014,0.00067,0.0041,0.17102,0.00036,0.00454,0.28351,9e-05,0.00052,0.00208,0.00443,0.52027,0.00401
"Node245",76,"I",0.00029,2e-05,1e-05,2e-05,8e-05,1e-05,1e-05,1e-05,0,0.88111,0.01743,3e-05,0.0023,0.00052,2e-05,5e-05,0.00054,1e-05,8e-05,0.09747
"Node245",77,"A",0.53557,0.00085,0.00983,0.07285,0.00032,0.00263,0.01271,0.31652,0.00068,0.00029,0.00039,0.00443,0.00033,2e-04,0.00124,0.03528,0.00454,5e-05,0.00019,0.0011
"Node245",78,"D",0,0,9e-05,0.99971,0,0,0.00013,4e-05,0,0,0,1e-05,0,0,0,2e-05,0,0,0,0
"Node245",79,"L",0.00124,0.00019,9e-05,4e-05,0.00011,0.00024,9e-05,0.00128,0.00024,0.01068,0.44783,0.00019,0.31093,0.16212,4e-05,0.00037,0.00145,0.01804,0.03976,0.00506
"Node245",80,"H",0.00771,0.00454,0.05439,0.21044,0.00034,0.01385,0.06756,0.01731,0.40462,0.00091,0.00097,0.00896,0.00114,0.00067,0.00169,0.04299,0.15696,6e-05,0.00369,0.0012
"Node245",81,"A",0.91458,0.00087,0.00114,0.00111,0.00056,0.00132,0.00209,0.01085,0.00029,5e-04,0.00075,0.00303,0.00047,0.00013,0.02722,0.02467,0.007,3e-05,0.00021,0.00318
"Node245",82,"M",0.00235,0.00624,0.00048,0.00018,0.00013,0.02669,0.0044,0.00019,0.00631,0.00706,0.22327,0.01882,0.64754,0.01751,0.00121,0.00133,0.00212,0.00119,0.02753,0.00545
"Node245",83,"I",0.00098,0.00425,0.00014,7e-05,0.00012,0.00025,0.00012,3e-05,7e-05,0.7689,0.13914,0.00083,0.01266,8e-04,6e-05,0.00086,0.02512,2e-05,0.00019,0.04537
"Node245",84,"S",0.16984,0.00796,0.12571,0.01324,0.00126,0.03124,0.02214,0.18333,0.00316,0.00285,0.00306,0.03018,0.00316,0.00178,0.00267,0.19636,0.18896,0.00025,0.00161,0.01124
"Node245",85,"P",0.03108,0.03374,0.01523,0.01599,0.00086,0.04475,0.07063,0.0062,0.04717,0.00477,0.00667,0.14241,0.00426,0.00169,0.51731,0.02809,0.01641,0.00028,0.00469,0.00775
"Node245",86,"K",0.08602,0.0863,0.03448,0.03332,0.00601,0.04916,0.07765,0.10385,0.03422,0.02009,0.03273,0.12945,0.01234,0.03705,0.03527,0.05846,0.03564,0.00771,0.09198,0.02826
"Node245",87,"A",0.4519,0.00779,0.02084,0.24482,0.00322,0.01418,0.05174,0.03187,0.00481,0.00616,0.00708,0.02165,0.0031,0.00249,0.01019,0.07827,0.02278,0.00043,0.0025,0.01416
"Node245",88,"E",0.06283,0.07707,0.05355,0.05731,0.01245,0.05813,0.10103,0.04204,0.0245,0.05123,0.09712,0.09342,0.02562,0.02905,0.02536,0.05601,0.04878,0.00643,0.02205,0.05601
"Node245",89,"K",0.05719,0.09796,0.04395,0.06239,0.00826,0.06395,0.14189,0.04099,0.02326,0.02514,0.04061,0.18732,0.01481,0.01593,0.0271,0.05489,0.04027,0.00477,0.01682,0.0325
"Node245",90,"K",0.07062,0.08226,0.05253,0.06858,0.01556,0.04966,0.0828,0.06194,0.02864,0.0451,0.06806,0.09249,0.02008,0.02953,0.03548,0.06161,0.05013,0.008,0.02464,0.05229
"Node245",91,"G",0.07575,0.04393,0.0447,0.04872,0.01217,0.03657,0.06872,0.19604,0.0376,0.03253,0.05061,0.05864,0.0157,0.04524,0.02332,0.05813,0.04033,0.01244,0.05912,0.03975
"Node245",92,"L",0.07013,0.04722,0.03626,0.045,0.02169,0.03226,0.05187,0.05025,0.02145,0.09154,0.13387,0.05304,0.03131,0.04936,0.02984,0.05063,0.05049,0.00994,0.02996,0.09391
"Node245",93,"G",0.07347,0.05441,0.05616,0.0751,0.01927,0.03729,0.0635,0.09216,0.02988,0.05195,0.07587,0.06256,0.02075,0.04002,0.03596,0.06113,0.05038,0.01098,0.03107,0.05812
"Node245",94,"G",0.07897,0.05102,0.04648,0.05422,0.02016,0.03387,0.05392,0.11834,0.02378,0.05262,0.07605,0.05958,0.0206,0.03435,0.07217,0.0604,0.0497,0.0093,0.02499,0.05947
"Node245",95,"D",0.06897,0.05696,0.05997,0.11139,0.01636,0.04288,0.08524,0.06895,0.02803,0.0453,0.06556,0.06827,0.01873,0.03016,0.03719,0.06234,0.05002,0.008,0.02396,0.0517
"Node245",96,"-",0.07553,0.05256,0.04343,0.05121,0.02212,0.03403,0.05344,0.07577,0.02392,0.06589,0.09691,0.05966,0.02454,0.04143,0.06098,0.05773,0.05126,0.01016,0.02819,0.07124
"Node245",97,"-",0.0715,0.0622,0.04923,0.06506,0.01906,0.04058,0.0697,0.06604,0.02876,0.05685,0.08463,0.06888,0.02261,0.04379,0.03663,0.05895,0.05029,0.01118,0.03149,0.06258
"Node245",98,"K",0.07256,0.06911,0.04995,0.06302,0.01848,0.04312,0.07154,0.06799,0.02814,0.05317,0.07882,0.07973,0.02176,0.03609,0.03703,0.06035,0.05091,0.01055,0.02799,0.05969
"Node245",99,"-",0.07304,0.05913,0.04849,0.06528,0.01982,0.04054,0.07113,0.06518,0.02721,0.06048,0.08774,0.0673,0.02324,0.0387,0.03731,0.05939,0.05141,0.00987,0.02821,0.06653
"Node245",100,"L",0.08873,0.04813,0.03528,0.04099,0.02102,0.03196,0.05079,0.05241,0.01871,0.09187,0.10879,0.06093,0.02776,0.03769,0.0293,0.05759,0.05747,0.00754,0.02511,0.10793
"Node245",101,"D",0.06843,0.07513,0.05992,0.10176,0.01432,0.04466,0.07841,0.056,0.02491,0.04706,0.06487,0.08607,0.01905,0.02726,0.03132,0.06638,0.05232,0.00644,0.0224,0.05329
"Node245",102,"E",0.06684,0.05842,0.04645,0.08555,0.01151,0.05842,0.17161,0.04748,0.02765,0.03693,0.05878,0.07853,0.01756,0.02476,0.03087,0.05948,0.04521,0.00674,0.02224,0.04497
"Node245",103,"-",0.0724,0.06183,0.04649,0.05763,0.02047,0.0388,0.06282,0.0643,0.02697,0.06431,0.09567,0.06805,0.02467,0.04146,0.03627,0.05775,0.051,0.0103,0.02931,0.0695
"Node245",104,"T",0.06746,0.04536,0.06431,0.10404,0.00779,0.04129,0.07745,0.03429,0.01408,0.02122,0.02633,0.07967,0.01078,0.00869,0.02046,0.13903,0.1934,0.00201,0.0096,0.03272
"Node245",105,"G",0.09597,0.03687,0.03603,0.02735,0.00858,0.02287,0.02725,0.41047,0.01084,0.03025,0.04387,0.05975,0.016,0.01564,0.01435,0.05676,0.03549,0.00347,0.00993,0.03828
"Node245",106,"K",0.05298,0.115,0.04738,0.05979,0.00391,0.05247,0.07867,0.02737,0.01489,0.01071,0.01634,0.31401,0.00805,0.00623,0.01778,0.09119,0.05542,0.00157,0.01006,0.01618
"Node245",107,"G",0.11523,0.01895,0.04748,0.03531,0.00717,0.01819,0.02696,0.34527,0.00894,0.00806,0.01159,0.03212,0.00568,0.00616,0.01328,0.22636,0.05197,0.0017,0.00574,0.01382
"Node245",108,"E",0.05854,0.06239,0.04858,0.09966,0.00779,0.06384,0.20389,0.03951,0.02938,0.02559,0.03994,0.08426,0.0134,0.01946,0.04579,0.05841,0.0418,0.00537,0.01967,0.03274
"Node245",109,"T",0.06049,0.03545,0.03675,0.05615,0.00641,0.04815,0.16242,0.02242,0.01293,0.02446,0.03384,0.06426,0.01713,0.00866,0.1069,0.08358,0.17142,0.00201,0.00908,0.03749
"Node245",110,"R",0.03773,0.31641,0.01294,0.00804,0.00452,0.02572,0.01996,0.00812,0.00887,0.08068,0.14282,0.06706,0.03564,0.02604,0.0064,0.02224,0.03393,0.00225,0.01566,0.12498
"Node245",111,"P",0.06724,0.09497,0.04444,0.04815,0.00754,0.04584,0.06867,0.04671,0.0284,0.02377,0.03639,0.09531,0.01234,0.01959,0.19644,0.06201,0.04592,0.00414,0.02133,0.03077
"Node245",112,"E",0.07334,0.07355,0.05949,0.07937,0.00776,0.06063,0.09242,0.03819,0.02138,0.04077,0.07298,0.08922,0.03206,0.01762,0.06121,0.06372,0.05141,0.00272,0.01413,0.04802
"Node245",113,"L",0.02043,0.00661,0.00288,0.00382,0.0024,0.00858,0.01397,0.00703,0.00215,0.10352,0.58502,0.01026,0.08394,0.03731,0.00238,0.00875,0.01693,0.00112,0.00825,0.07465
"Node245",114,"D",0.01063,0.00614,0.06676,0.68036,0.00069,0.00964,0.0411,0.00617,0.00319,0.00292,0.00272,0.01338,0.00126,0.0025,0.01318,0.05032,0.08193,0.00109,0.0023,0.00372
"Node245",115,"P",0.05196,0.0859,0.02673,0.03968,0.00493,0.04726,0.08204,0.02004,0.01475,0.02754,0.05472,0.1015,0.01704,0.01183,0.28454,0.04493,0.03761,0.00278,0.01084,0.0334
"Node245",116,"E",0.02388,0.03938,0.03957,0.19766,0.00136,0.07538,0.41822,0.013,0.01977,0.00517,0.00857,0.06804,0.00401,0.0051,0.01025,0.03475,0.01912,0.00131,0.00772,0.00775
"Node245",117,"K",0.02646,0.11586,0.01622,0.01596,0.00127,0.12407,0.15811,0.00697,0.01412,0.00812,0.01563,0.32246,0.00961,0.01068,0.00531,0.03454,0.04953,0.02558,0.02599,0.01352
"Node245",118,"I",0.00719,1e-04,8e-05,7e-05,0.00037,1e-04,0.00011,0.00014,3e-05,0.47735,0.03183,2e-04,0.0049,0.00094,0.00011,0.00051,0.00273,2e-05,0.00028,0.47294
"Node245",119,"R",0.01902,0.43025,0.0268,0.03658,0.00102,0.08116,0.13548,0.00898,0.01706,0.00409,0.00939,0.16284,0.0046,0.00266,0.00706,0.02584,0.01546,0.00078,0.00455,0.00637
"Node245",120,"E",0.02451,0.08804,0.03792,0.09765,0.00124,0.11017,0.36204,0.01244,0.04658,0.00414,0.00751,0.12251,0.00417,0.00342,0.00991,0.03395,0.01835,0.00102,0.00776,0.00668
"Node245",121,"N",0.02216,0.01381,0.56434,0.02263,0.00206,0.01465,0.01381,0.01247,0.03955,0.01662,0.02262,0.01882,0.0117,0.04421,0.00248,0.04307,0.03156,0.00272,0.08287,0.01786
"Node245",122,"A",0.48977,0.00453,0.00602,0.00411,0.00489,0.00645,0.01043,0.01221,0.00176,0.02772,0.02037,0.01016,0.00767,0.00288,0.0043,0.10733,0.19146,0.00031,0.00315,0.08448
"Node245",123,"E",0.02592,0.17658,0.03831,0.07957,0.00139,0.13766,0.2506,0.01329,0.02213,0.00495,0.00951,0.1499,0.0052,0.00335,0.01018,0.03592,0.02051,0.00105,0.00623,0.00773
"Node245",124,"E",0.04968,0.04611,0.05695,0.14976,0.00356,0.06874,0.26173,0.04302,0.02801,0.01123,0.01654,0.07509,0.00724,0.00743,0.0181,0.06752,0.05861,0.00184,0.01162,0.01723
"Node245",125,"Y",8e-04,0.00021,0.00093,9e-05,1e-04,2e-04,0.00015,1e-04,0.00149,0.01871,0.01212,0.00024,0.00975,0.3986,5e-05,0.00052,0.00085,0.00136,0.5421,0.01161
"Node245",126,"L",0.0805,0.05874,0.01882,0.01833,0.01002,0.03656,0.03974,0.0193,0.01168,0.12348,0.18528,0.07382,0.04256,0.0312,0.01294,0.04116,0.04442,0.00307,0.01897,0.12941
"Node245",127,"E",0.05453,0.05856,0.0311,0.07271,0.00491,0.07378,0.24696,0.01723,0.02209,0.03973,0.08573,0.08513,0.02464,0.01641,0.01575,0.04614,0.04047,0.00252,0.01406,0.04752
"Node245",128,"D",0.00094,0.00119,0.03385,0.88657,5e-05,0.02848,0.0332,0.00077,9e-04,9e-05,1e-04,0.00396,0.00011,3e-05,0.00036,0.0075,0.00167,1e-05,8e-05,0.00012
"Node245",129,"L",0.00153,0.00058,0.00012,7e-05,0.00045,0.00049,0.00027,0.00013,0.00067,0.03598,0.74269,0.00045,0.0266,0.08265,0.00013,0.00046,0.00147,0.01641,0.07275,0.01611
"Node245",130,"L",0.05772,0.02643,0.0148,0.02092,0.01025,0.02131,0.03274,0.01298,0.00778,0.16083,0.24458,0.0343,0.04973,0.03218,0.01047,0.03161,0.04679,0.00261,0.01571,0.16625
"Node245",131,"A",0.41078,0.10274,0.0101,0.00665,0.0037,0.02422,0.02515,0.02095,0.00836,0.01123,0.02428,0.10991,0.01092,0.04565,0.00621,0.07972,0.03015,0.01675,0.02686,0.02567
"Node245",132,"L",0.01839,0.00562,0.00147,0.00084,0.2278,0.00338,0.00188,0.00144,0.00105,0.04749,0.51365,0.02038,0.03305,0.05022,0.00112,0.00779,0.01147,0.00102,0.00756,0.04438
"Node245",133,"G",0.01979,0.00112,0.00441,0.00339,3e-04,0.00164,0.0025,0.90255,0.00063,0.00031,0.00049,0.00397,0.00033,0.00029,0.04397,0.01048,0.00279,0.00012,0.00025,0.00065
"Node245",134,"L",0.03741,0.03073,0.05078,0.11638,0.00352,0.02792,0.05552,0.00838,0.00638,0.1444,0.16303,0.10135,0.03666,0.01346,0.00703,0.03344,0.04611,0.00076,0.00748,0.10927
"Node245",135,"K",0.01034,0.14252,0.02237,0.1394,2e-04,0.05511,0.26451,0.00354,0.00555,0.00083,0.00146,0.31456,0.0011,4e-04,0.00454,0.02217,0.00868,0.00011,0.00097,0.00164
"Node245",136,"T",0.06866,0.01284,0.01602,0.01362,0.00521,0.02297,0.05872,0.00921,0.0082,0.02672,0.03406,0.02281,0.01372,0.04186,0.0057,0.0857,0.45267,0.02043,0.03267,0.04822
"Node245",137,"E",0.00154,0.00334,0.004,0.12815,2e-05,0.01523,0.80243,0.00044,0.00091,0.00023,0.00058,0.03632,0.00024,8e-05,0.00056,0.00387,0.00149,1e-05,0.00014,4e-04
"Node245",138,"S",0.07028,0.04074,0.05982,0.1273,0.005,0.05184,0.14658,0.02804,0.02992,0.01193,0.01811,0.06261,0.00823,0.01741,0.02376,0.18096,0.06067,0.00557,0.03259,0.01861
"Node245",139,"-",0.06538,0.05013,0.04788,0.07048,0.01723,0.03502,0.05973,0.05757,0.03584,0.05613,0.08368,0.05694,0.02195,0.065,0.04035,0.05482,0.04719,0.01603,0.05795,0.06071
"Node245",140,"T",0.05712,0.05897,0.04238,0.04612,0.00546,0.04955,0.13418,0.01922,0.01137,0.01897,0.02418,0.08813,0.01053,0.00608,0.01551,0.10046,0.26937,0.00144,0.00764,0.03332
"Node245",141,"I",0.00292,0.00043,0.00027,0.00028,0.00088,0.00031,0.00032,0.00027,0.00043,0.52655,0.10763,0.00057,0.01697,0.19497,0.00028,0.00087,0.00343,0.00091,0.01866,0.12305
"Node245",142,"Y",0.00161,0.00783,0.00044,0.00017,0.00019,0.00071,0.00059,0.00024,0.00367,0.01243,0.01219,0.00167,0.00305,0.41406,0.00013,0.00109,0.00141,0.00215,0.51899,0.01739
"Node245",143,"Y",0.02121,0.05982,0.01792,0.00461,0.00218,0.01211,0.00952,0.00413,0.02025,0.04535,0.07058,0.02422,0.02017,0.24927,0.00221,0.02056,0.02404,0.01443,0.31868,0.05876
"Node245",144,"Q",0.00497,0.00141,0.0335,0.00185,2e-05,0.9266,0.01442,0.00048,0.00084,2e-05,6e-05,0.00375,0.00024,1e-05,0.00015,0.00779,0.00371,1e-05,7e-05,1e-04
"Node245",145,"S",0.01127,0.00024,0.00154,0.00046,0.00013,0.00047,0.00063,0.00066,0.00012,5e-05,6e-05,0.00068,7e-05,4e-05,0.00019,0.96412,0.01893,1e-05,0.00013,0.00018
"Node245",146,"D",0.02395,0.03212,0.08341,0.32979,0.00182,0.07889,0.23766,0.01876,0.01434,0.00544,0.00794,0.06697,0.00399,0.00319,0.01056,0.04569,0.02267,0.00085,0.00433,0.00763
"Node245",147,"F",0.0288,0.01299,0.00893,0.00782,0.01058,0.00934,0.01156,0.0109,0.02102,0.07803,0.20512,0.01404,0.03439,0.29378,0.0206,0.01807,0.02221,0.01249,0.11595,0.06339
"Node245",148,"Y",0.02047,0.01192,0.01518,0.05119,0.00055,0.03792,0.23583,0.00342,0.19508,0.00342,0.00553,0.02165,0.00273,0.02198,0.00248,0.01833,0.00954,0.00284,0.33384,0.00609
"Node245",149,"R",0.03301,0.26178,0.01008,0.00617,0.00206,0.09866,0.04652,0.00532,0.00667,0.0271,0.03502,0.1042,0.0254,0.01406,0.00287,0.03407,0.07067,0.11248,0.03414,0.06973
"Node245",150,"P",0.07323,0.02671,0.03763,0.08186,0.00419,0.04167,0.10361,0.03057,0.00889,0.03272,0.1355,0.05414,0.02692,0.01142,0.15272,0.07635,0.05605,0.00111,0.00728,0.03742
"Node245",151,"E",0.03753,0.05619,0.03881,0.10666,0.00154,0.07042,0.38162,0.05908,0.01258,0.00402,0.00647,0.12021,0.00341,0.00238,0.01914,0.04685,0.022,0.00073,0.00357,0.00677
"Node245",152,"K",0.06157,0.08419,0.06622,0.08056,0.00767,0.05803,0.09668,0.03467,0.04293,0.03805,0.05682,0.12586,0.01968,0.02011,0.02424,0.06058,0.05182,0.00349,0.02087,0.04594
"Node245",153,"Y",0.00075,0.00032,0.00019,6e-05,0.00011,0.00033,0.00022,8e-05,0.01895,0.00585,0.01973,0.00025,0.00515,0.20932,6e-05,0.00035,0.00059,0.00098,0.7284,0.0083
"Node245",154,"E",0.07675,0.03018,0.01294,0.0302,0.00135,0.14182,0.44772,0.00767,0.01724,0.00886,0.01301,0.05512,0.00681,0.00878,0.00546,0.04334,0.02686,0.01497,0.03469,0.01623
"Node245",155,"D",0.01558,0.03198,0.04286,0.43403,8e-04,0.0451,0.28841,0.01105,0.01058,0.0026,0.00389,0.05158,0.00196,0.00152,0.01058,0.02711,0.01366,0.00041,0.00235,0.00396
"Node245",156,"L",0.00541,0.00097,0.00033,0.00026,0.00134,0.00079,0.00062,0.00036,0.00062,0.15962,0.50889,0.00098,0.04906,0.09623,0.00038,0.00129,0.00536,0.00101,0.02077,0.14571
"Node245",157,"I",0.01505,0.00022,0.00017,0.00016,0.00068,0.00024,0.00023,0.00019,0.00014,0.53648,0.05982,0.00042,0.01005,0.00576,2e-04,0.00299,0.01132,8e-05,0.00391,0.35188
"Node245",158,"R",0.0492,0.13873,0.02522,0.02555,0.00606,0.05444,0.06509,0.01791,0.0203,0.05152,0.12044,0.13597,0.03346,0.04055,0.0129,0.03867,0.0399,0.03192,0.03649,0.05568
"Node245",159,"L",0.04951,0.12175,0.02699,0.03615,0.00709,0.04465,0.0572,0.01713,0.0141,0.07795,0.16885,0.12488,0.03916,0.02576,0.01355,0.03843,0.04205,0.00292,0.0162,0.07567
"Node245",160,"L",0.00132,0.00023,6e-05,6e-05,0.00039,0.00015,0.00012,8e-05,8e-05,0.10222,0.76703,2e-04,0.02271,0.0541,9e-05,0.00026,0.00128,0.00019,0.00243,0.04702
"Node245",161,"A",0.36593,0.00831,0.01056,0.00595,0.0069,0.00966,0.01055,0.04495,0.00338,0.02709,0.09728,0.01557,0.02164,0.01023,0.00538,0.24356,0.06028,0.00089,0.00736,0.04455
"Node245",162,"E",0.08536,0.09763,0.04507,0.05756,0.03086,0.06449,0.12638,0.03541,0.01962,0.02773,0.04811,0.10943,0.02246,0.0122,0.01816,0.09066,0.05728,0.00233,0.01173,0.03755
"Node245",163,"K",0.01358,0.21681,0.01846,0.00903,0.00053,0.04313,0.04493,0.0032,0.01828,0.00832,0.00835,0.56279,0.00532,0.00162,0.00293,0.01532,0.01291,0.00023,0.00352,0.01074
"Node245",164,"G",0.07674,0.02205,0.03769,0.03276,0.00993,0.01742,0.02451,0.5316,0.01215,0.01732,0.02619,0.03263,0.00936,0.01508,0.01763,0.05013,0.02814,0.0052,0.01046,0.023
"Node245",165,"Y",0.04183,0.04141,0.03729,0.02738,0.00981,0.03116,0.04017,0.03089,0.18247,0.03308,0.05432,0.04423,0.01641,0.08448,0.0165,0.03738,0.02945,0.01685,0.18784,0.03704
"Node245",166,"A",0.2802,0.01924,0.0149,0.01655,0.01641,0.01616,0.0244,0.04316,0.0084,0.10101,0.07637,0.02816,0.02117,0.02015,0.01806,0.05719,0.04343,0.00346,0.0139,0.17767
"Node245",167,"Y",0.01532,0.01089,0.0075,0.00508,0.00364,0.00883,0.00965,0.00764,0.02684,0.01467,0.02463,0.01188,0.00689,0.07749,0.00455,0.0127,0.01152,0.01372,0.70674,0.01983
"Node245",168,"R",0.05066,0.27558,0.03939,0.0361,0.00813,0.05615,0.06644,0.03532,0.02374,0.02629,0.04701,0.13754,0.01604,0.01789,0.02237,0.0472,0.03691,0.00511,0.01847,0.03365
"Node245",169,"G",0.09771,0.0237,0.03156,0.02843,0.17934,0.01854,0.02592,0.23225,0.0126,0.03855,0.05313,0.0326,0.0149,0.0208,0.0199,0.05795,0.04158,0.006,0.01448,0.05007
"Node245",170,"-",0.07062,0.05829,0.05192,0.06774,0.01786,0.03987,0.06929,0.06304,0.03338,0.05482,0.08178,0.06568,0.02206,0.05041,0.03408,0.05936,0.05031,0.01148,0.03752,0.06049
"Node245",171,"C",0.05758,0.02849,0.0243,0.03123,0.26982,0.01876,0.0243,0.02572,0.0328,0.05138,0.09498,0.02866,0.02068,0.05076,0.013,0.04342,0.03912,0.00909,0.07816,0.05775
"Node245",172,"E",0.06064,0.04522,0.0581,0.13461,0.00985,0.05076,0.16719,0.04369,0.0231,0.02739,0.03936,0.06639,0.0131,0.01642,0.05506,0.0697,0.06359,0.00447,0.01548,0.0359
"Node245",173,"P",0.05129,0.02034,0.01624,0.02447,0.00712,0.02114,0.04153,0.02449,0.00902,0.03228,0.03411,0.03433,0.01001,0.01047,0.53163,0.03578,0.03163,0.0025,0.00902,0.0526
"Node245",174,"S",0.07415,0.03968,0.06379,0.03931,0.01284,0.04144,0.0468,0.06373,0.03132,0.04127,0.06803,0.05154,0.01985,0.04305,0.06912,0.0816,0.08105,0.01491,0.06614,0.05038
"Node245",175,"Y",0.03728,0.03261,0.01979,0.01865,0.00916,0.0226,0.03259,0.02482,0.03486,0.03767,0.0656,0.04332,0.01736,0.15772,0.01275,0.02991,0.02655,0.10016,0.23681,0.0398
"Node245",176,"C",0.06773,0.01414,0.01891,0.01909,0.50087,0.01313,0.01599,0.03784,0.00788,0.03495,0.04785,0.01942,0.01247,0.015,0.01221,0.06229,0.03997,0.00403,0.01062,0.04561
"Node245",177,"E",0.06727,0.05574,0.04072,0.0718,0.00984,0.05587,0.16305,0.04144,0.02229,0.03144,0.04554,0.08685,0.01485,0.01747,0.10673,0.06035,0.04595,0.00482,0.01653,0.04145
"Node245",178,"K",0.06151,0.10857,0.04422,0.06284,0.00859,0.06335,0.14479,0.04456,0.02367,0.02519,0.041,0.1601,0.01475,0.01619,0.02647,0.05783,0.0416,0.00482,0.01681,0.03313
"Node245",179,"L",0.08884,0.05926,0.03326,0.03114,0.07312,0.02919,0.03999,0.05148,0.01846,0.06112,0.11618,0.05317,0.0272,0.05742,0.02135,0.07554,0.05634,0.00797,0.03193,0.06702
"Node245",180,"E",0.06337,0.04496,0.04806,0.1807,0.00758,0.05834,0.1982,0.03803,0.01961,0.02258,0.03285,0.07425,0.01148,0.01386,0.03054,0.06133,0.04684,0.00392,0.01328,0.03021
"Node245",181,"E",0.06194,0.06128,0.04217,0.08641,0.00881,0.05028,0.13529,0.04119,0.0201,0.02506,0.03795,0.1189,0.01295,0.01508,0.13095,0.058,0.04196,0.00429,0.0148,0.03258
"Node245",182,"E",0.10548,0.04386,0.03028,0.04653,0.01004,0.04835,0.13762,0.03622,0.04238,0.06398,0.09041,0.07697,0.02471,0.02064,0.01813,0.07126,0.04524,0.00381,0.01755,0.06655
"Node245",183,"R",0.02064,0.42203,0.01757,0.01313,0.00222,0.03334,0.03919,0.01284,0.00933,0.00724,0.01595,0.33004,0.00685,0.00504,0.00871,0.02164,0.01549,0.00159,0.00662,0.01055
"Node245",184,"A",0.16335,0.03037,0.03092,0.03735,0.01384,0.03031,0.06257,0.04532,0.01323,0.05037,0.05202,0.04743,0.01646,0.01657,0.10782,0.10961,0.0705,0.00355,0.01385,0.08455
"Node245",185,"T",0.10842,0.0631,0.02418,0.01826,0.0071,0.1038,0.04196,0.02433,0.00962,0.01757,0.02506,0.13371,0.01217,0.00783,0.01317,0.0855,0.25049,0.01101,0.01061,0.03211
"Node245",186,"A",0.39058,0.02488,0.0177,0.01497,0.0204,0.01874,0.02535,0.03638,0.00769,0.02225,0.0331,0.09461,0.01266,0.0098,0.01535,0.08031,0.1128,0.00237,0.01074,0.04929
"Node245",187,"Y",0.05095,0.13197,0.01586,0.01174,0.0047,0.08129,0.0301,0.01474,0.03423,0.01608,0.02937,0.04969,0.01079,0.06007,0.01174,0.0283,0.01959,0.01125,0.36419,0.02336
"Node245",188,"G",0.0942,0.03749,0.05175,0.05422,0.01486,0.02941,0.04745,0.17567,0.01898,0.03291,0.04669,0.05157,0.01445,0.02056,0.13165,0.06689,0.04693,0.0057,0.01647,0.04215
"Node245",189,"G",0.07532,0.05604,0.05386,0.06537,0.01903,0.0386,0.06419,0.08543,0.03072,0.0501,0.07298,0.06468,0.02033,0.03497,0.06076,0.06216,0.05126,0.00944,0.02774,0.05703
"Node245",190,"A",0.13054,0.03937,0.03545,0.04769,0.04131,0.03115,0.05405,0.06377,0.01888,0.06684,0.09909,0.05021,0.02509,0.03346,0.02943,0.06954,0.05495,0.00704,0.02289,0.07926
"Node245",191,"L",0.05919,0.03521,0.02811,0.02828,0.01776,0.02339,0.03312,0.0508,0.02638,0.08061,0.13473,0.03837,0.03025,0.12336,0.02088,0.04253,0.0444,0.01923,0.08377,0.07962
"Node245",192,"V",0.21391,0.01622,0.01259,0.01351,0.01442,0.01337,0.0201,0.04541,0.00663,0.1067,0.07442,0.02337,0.02054,0.0188,0.01506,0.04333,0.04246,0.00293,0.01322,0.28301
"Node245",193,"D",0.06216,0.05094,0.06385,0.16572,0.013,0.04475,0.10576,0.06125,0.02606,0.03698,0.05272,0.06613,0.01574,0.0242,0.03331,0.06146,0.0469,0.00631,0.01995,0.04281
"Node245",194,"P",0.07464,0.04959,0.04332,0.05394,0.02133,0.03389,0.05494,0.06957,0.02407,0.05774,0.08317,0.05865,0.02181,0.03721,0.10688,0.05812,0.05049,0.00989,0.02673,0.06402
"Node245",195,"D",0.07258,0.05541,0.05417,0.08078,0.02031,0.03837,0.06752,0.07475,0.02759,0.05535,0.08018,0.06377,0.02155,0.03744,0.0392,0.06079,0.05125,0.01,0.02762,0.06137
"Node245",196,"F",0.05929,0.03857,0.03505,0.03534,0.01897,0.02543,0.03812,0.04693,0.02784,0.07858,0.11966,0.04242,0.02811,0.12584,0.02405,0.04426,0.04293,0.01939,0.0713,0.07794
"Node245",197,"G",0.06292,0.01508,0.02949,0.02411,0.00688,0.01248,0.01664,0.65622,0.00862,0.01095,0.01696,0.02407,0.00667,0.01057,0.01239,0.0399,0.02021,0.00377,0.00704,0.01506
"Node245",198,"T",0.05892,0.02599,0.03649,0.0277,0.01409,0.02091,0.0302,0.03006,0.01004,0.04083,0.04846,0.03587,0.01596,0.01541,0.02019,0.08938,0.40061,0.00392,0.01351,0.06145
"Node245",199,"G",0.06292,0.01508,0.02949,0.02411,0.00688,0.01248,0.01664,0.65622,0.00862,0.01095,0.01696,0.02407,0.00667,0.01057,0.01239,0.0399,0.02021,0.00377,0.00704,0.01506
"Node245",200,"V",0.08599,0.03075,0.02462,0.02767,0.02276,0.02178,0.03224,0.04184,0.01381,0.13507,0.1372,0.03676,0.03238,0.04294,0.02405,0.0448,0.05144,0.00725,0.02518,0.16146
"Node245",201,"V",0.0559,0.01285,0.00923,0.00987,0.01283,0.00969,0.01424,0.01343,0.00452,0.16331,0.09736,0.01604,0.02498,0.02221,0.01049,0.01983,0.04033,0.00259,0.01424,0.44607
"Node245",202,"M",0.04096,0.02548,0.03255,0.14228,0.00876,0.03191,0.0476,0.03475,0.01338,0.06405,0.12922,0.03452,0.20913,0.02762,0.01341,0.03498,0.03421,0.00438,0.01351,0.0573
"Node245",203,"A",0.20234,0.03871,0.03547,0.03763,0.02184,0.03427,0.04768,0.07658,0.01784,0.04847,0.06507,0.05164,0.01956,0.02488,0.03123,0.0955,0.05801,0.00613,0.01955,0.0676
"Node245",204,"V",0.0572,0.07408,0.01347,0.01203,0.01208,0.01583,0.01944,0.01635,0.01292,0.11606,0.08317,0.03139,0.02223,0.04087,0.01105,0.02502,0.03972,0.0063,0.0996,0.29119
"Node245",205,"P",0.05256,0.01554,0.01956,0.02308,0.00614,0.01469,0.02329,0.21424,0.00827,0.01439,0.02066,0.02863,0.00675,0.00851,0.45332,0.0369,0.02454,0.00261,0.00714,0.01919
"Node245",206,"A",0.13427,0.03857,0.05322,0.12813,0.01709,0.0329,0.06593,0.07678,0.01934,0.03659,0.04999,0.05333,0.01551,0.0214,0.03056,0.09804,0.05656,0.00521,0.01732,0.04927
"Node245",207,"E",0.06066,0.07278,0.04403,0.06293,0.01073,0.0544,0.12196,0.04214,0.04347,0.03528,0.05616,0.08029,0.01735,0.04429,0.04087,0.05547,0.04308,0.01139,0.06016,0.04256
"Node245",208,"L",0.07082,0.04978,0.04001,0.05312,0.02063,0.03559,0.06074,0.05313,0.02308,0.08291,0.11829,0.05711,0.02886,0.04522,0.03156,0.05334,0.05091,0.00954,0.02892,0.08645
"Node245",209,"L",0.0745,0.04646,0.02992,0.03966,0.01566,0.04101,0.07264,0.03764,0.01806,0.0913,0.14815,0.06113,0.03572,0.04031,0.0234,0.0488,0.04797,0.00694,0.02413,0.09658
"Node245",210,"A",0.18339,0.03786,0.04946,0.0402,0.01898,0.02907,0.04409,0.12904,0.01749,0.04046,0.05802,0.05207,0.01771,0.02215,0.02778,0.09442,0.05747,0.00545,0.01738,0.05751
"Node245",211,"R",0.06762,0.11711,0.05071,0.05652,0.01455,0.04898,0.07158,0.05901,0.0285,0.04224,0.0657,0.10597,0.01974,0.02824,0.03457,0.05929,0.04828,0.00779,0.02427,0.04933
"Node245",212,"K",0.06616,0.08645,0.04906,0.06731,0.0101,0.05464,0.09753,0.06087,0.02876,0.03009,0.04696,0.15175,0.01631,0.02574,0.02644,0.06034,0.04565,0.00667,0.03153,0.03764
"Node245",213,"R",0.07158,0.08415,0.0495,0.05551,0.01701,0.04427,0.0664,0.06107,0.03168,0.05073,0.07688,0.08308,0.02164,0.03894,0.03684,0.06063,0.05089,0.00996,0.03188,0.05737
"Node245",214,"G",0.08181,0.04775,0.06018,0.06075,0.01592,0.03299,0.05286,0.22446,0.0238,0.03587,0.05249,0.05832,0.01605,0.02567,0.03054,0.06378,0.04585,0.00756,0.01999,0.04335
"Node245",215,"-",0.0727,0.07208,0.04575,0.0537,0.0192,0.039,0.05972,0.06207,0.02501,0.06657,0.09544,0.07338,0.0249,0.03822,0.03466,0.05766,0.05183,0.00878,0.02704,0.07228
"Node245",216,"L",0.05272,0.03586,0.01909,0.01921,0.01054,0.02302,0.03217,0.01912,0.02268,0.09488,0.14994,0.03944,0.03478,0.14818,0.02476,0.03537,0.04106,0.01156,0.09095,0.09466
"Node245",217,"T",0.07657,0.03594,0.05136,0.04959,0.01115,0.03099,0.05206,0.03411,0.01439,0.03127,0.03718,0.05283,0.013,0.01234,0.08667,0.11098,0.23834,0.00255,0.01281,0.04586
"Node245",218,"R",0.06569,0.12399,0.05053,0.05451,0.01426,0.04851,0.06912,0.05625,0.0369,0.04179,0.0659,0.09648,0.01972,0.02957,0.03868,0.05784,0.04712,0.00799,0.02654,0.04861
"Node245",219,"C",0.06297,0.02931,0.02277,0.02281,0.18174,0.02324,0.03152,0.03163,0.02123,0.07145,0.10898,0.03458,0.03241,0.06448,0.01972,0.04239,0.04219,0.01152,0.06682,0.07824
"Node245",220,"D",0.0663,0.05513,0.06528,0.13446,0.01418,0.04371,0.09271,0.06495,0.02699,0.0388,0.05565,0.06856,0.01662,0.02522,0.04576,0.0635,0.04937,0.00657,0.02094,0.04529
"Node245",221,"G",0.08432,0.04292,0.05343,0.05981,0.0169,0.031,0.04989,0.23286,0.02565,0.03755,0.0546,0.05334,0.01635,0.02736,0.03066,0.06339,0.04563,0.00799,0.02125,0.04508
"Node245",222,"K",0.07393,0.07524,0.04888,0.05644,0.02668,0.04182,0.06422,0.06629,0.02679,0.05425,0.08017,0.08247,0.02209,0.03482,0.0366,0.06069,0.05176,0.00913,0.02668,0.06107
"Node245",223,"C",0.07178,0.03059,0.03145,0.02793,0.16484,0.02273,0.03104,0.06997,0.04164,0.05142,0.07648,0.03575,0.0197,0.06154,0.02029,0.05078,0.04315,0.01549,0.07409,0.05932
"Node245",224,"R",0.06767,0.12538,0.04975,0.05349,0.01515,0.04732,0.06713,0.05924,0.02879,0.04406,0.06889,0.09938,0.02027,0.02987,0.03259,0.05854,0.04816,0.0082,0.02511,0.051
"Node245",225,"G",0.07187,0.05058,0.08242,0.06446,0.01734,0.03546,0.05539,0.11657,0.03255,0.04301,0.06363,0.05873,0.0185,0.03727,0.0301,0.06441,0.05083,0.02582,0.03167,0.04941
"Node245",226,"L",0.0653,0.03881,0.0286,0.03198,0.02295,0.02577,0.03663,0.04304,0.01812,0.10719,0.17739,0.04247,0.03868,0.05958,0.0256,0.04335,0.04741,0.01089,0.03189,0.10435
"Node245",227,"A",0.07614,0.05619,0.05338,0.07227,0.01853,0.03945,0.06874,0.06883,0.02571,0.04907,0.06998,0.06678,0.01979,0.03039,0.07287,0.06595,0.05732,0.00786,0.02386,0.05692
"Node245",228,"V",0.06563,0.02579,0.01916,0.02185,0.01857,0.01862,0.02678,0.02807,0.01083,0.15818,0.16048,0.03208,0.03608,0.04142,0.04758,0.03584,0.04839,0.00581,0.02218,0.17668
"Node245",229,"E",0.07025,0.06759,0.05533,0.08645,0.01529,0.04909,0.09745,0.06365,0.02938,0.04312,0.06411,0.07894,0.01895,0.0287,0.03677,0.06261,0.04996,0.00787,0.02407,0.05044
"Node245",230,"E",0.06864,0.06229,0.05518,0.09573,0.01426,0.05123,0.11376,0.06056,0.02946,0.04067,0.06056,0.07621,0.01813,0.02713,0.0362,0.06227,0.04888,0.00756,0.02318,0.04809
"Node245",231,"L",0.07418,0.06135,0.04371,0.05015,0.02155,0.03596,0.05498,0.06206,0.02423,0.07294,0.10531,0.06517,0.02649,0.04241,0.03446,0.05664,0.05201,0.0096,0.02864,0.07815
"Node245",232,"E",0.06365,0.047,0.03834,0.06972,0.0116,0.04758,0.13764,0.03987,0.02364,0.05303,0.07332,0.06528,0.02015,0.04349,0.07294,0.05391,0.04493,0.00771,0.02747,0.05873
